34182
94742
37967
41452
11312
15538
5026
10794
17455
74042
41048
16602
46549
98508
47520
9604
8791
92108
99277
92768
62863
72150
9006
40914
73895
65423
46281
58732
17457
14748
90191
8025
19306
98871
54670
74873
4742
71171
39307
30115
73204
30452
71322
40338
36386
34132
57055
24089
97321
46152
94966
57123
93940
83913
30631
38705
75864
93623
20482
33804
93910
13225
37707
91664
98237
91032
70072
93739
43976
35185
62099
44522
9833
22627
52332
44525
3761
80160
79621
3325
90914
47354
43404
32813
94766
15563
87598
13961
4380
93721
44815
28197
30881
38244
71807
6591
2768
3285
73112
7819
92264
85041
97651
80293
80738
11958
13237
44767
69217
43288
82701
29224
24296
53151
7842
46245
22958
42153
1592
73280
36799
88886
76085
56326
90793
75839
43368
91224
22814
75448
61060
80194
78314
19204
31181
20140
85465
87647
1783
54943
40966
49390
22848
37455
83609
34419
24744
2470
26329
37867
37740
47620
49153
80397
35108
54462
77138
69267
52195
80599
83321
17959
64634
92865
28060
81991
31365
14366
15032
29296
42847
54103
21835
20510
83700
81930
30465
36684
69427
18328
69869
43679
86863
7112
3400
24436
14602
47724
3126
59760
71440
76304
68969
36542
33299
22774
40338
23780
91939
28565
49990
57865
23581
21118
39262
64982
94196
6031
34698
64080
42804
47441
80240
64684
30178
91352
81536
42803
10456
15002
41647
98892
5536
73837
77505
2000
89860
96215
22988
92760
26925
13812
73842
91727
88444
20560
7244
12966
25853
96287
68401
94940
98564
8635
65500
62361
82689
10197
19110
89384
62323
99218
62966
90204
36680
99920
56750
66452
45229
12706
44588
41552
95205
77517
49436
60355
40352
61461
67675
59997
29255
9412
26689
15000
22194
42054
31871
2091
42224
75383
34360
1769
53450
28431
17848
33162
68984
37964
49737
29824
97857
72832
49262
52455
42878
97274
54352
17975
95345
43178
79018
66196
5968
66401
91717
61750
40190
37977
70592
59761
68357
7788
92631
98371
35196
18139
28922
50286
45791
27638
97905
37397
72855
49948
53731
95594
26179
81478
86863
30223
35601
38246
38249
32755
73546
43149
92694
12020
65746
93328
67443
4124
72108
80641
40787
4353
49312
74177
22346
42225
31261
42339
98539
27623
45768
76107
7438
15960
11196
96089
13060
71022
64738
62362
80878
85311
86464
45970
4011
80702
25862
92111
51615
27972
84306
2505
82024
94767
31271
92194
93325
20867
93409
91996
79269
72479
36786
2570
83682
19919
59286
74034
51134
46347
66567
22343
4005
88493
65512
6773
49624
21727
53193
26454
3105
80706
80829
66950
46302
61390
85736
52580
76081
65280
77023
67918
67813
65608
58865
18195
85058
8663
25142
31727
1964
89684
55912
15326
52062
98087
26749
68273
25064
76043
25938
3043
58480
13854
81387
36877
55070
30159
48206
76130
47656
60820
29256
2723
32665
74742
36287
83398
69656
46997
79074
81141
75866
38284
63599
75235
81965
8526
95784
34971
71791
47454
31475
431
781
43333
74440
653
22590
58663
23911
31508
72038
71297
17769
13295
60009
41902
2745
11744
65956
89301
3433
5360
96390
91338
8401
67815
8973
73846
65254
52680
2596
48626
83157
60490
63161
19564
56650
42405
25934
84245
97536
82945
47394
78953
57907
38345
81095
81276
28880
56847
44344
30586
72257
34793
95158
79701
36552
40710
88307
23973
42739
84561
51051
56911
81347
71724
55187
45059
67723
4621
32086
41893
40677
64139
8974
42127
73400
12875
20461
27350
95946
77668
41457
94231
15303
76629
83737
56054
50666
52857
87736
18618
93128
51581
20787
83995
2008
50872
69479
58866
50039
59782
68091
7138
79867
28233
19762
71956
58512
24342
50970
93606
6713
68120
71891
70439
1172
14216
80712
52963
70379
74296
34433
32357
79198
92612
53704
70729
44885
62470
5885
73626
24156
64058
68804
49730
57231
3514
21930
75541
71060
54497
87741
7101
29583
65063
82493
96485
12593
5782
2874
40900
15789
39675
98908
51710
88843
35080
64588
16270
14381
16217
24769
15338
32749
40524
77932
96944
61947
9819
96514
48881
91018
82438
60602
99722
28719
92351
63274
77444
53514
27474
29633
69511
9706
2899
73708
34139
29806
10854
12709
11921
39522
61315
33202
64508
72153
18828
85692
92293
33849
42136
53166
10660
84377
34803
10067
83096
42764
96161
72631
28215
81758
15733
31558
57625
77094
9631
22594
53430
64932
10975
80801
93911
41990
30335
51491
51242
51355
19748
60748
79250
73685
48315
43496
11413
88937
35701
10613
67279
49551
31748
42343
76517
68351
79603
48986
12624
27464
91424
75705
91632
71284
36852
11528
36735
48370
44190
92123
10731
7839
6447
93144
90615
20410
89336
14733
83552
59252
49904
89202
32353
74301
8075
42987
2559
28526
50902
52784
19032
90795
93069
95218
78847
29542
536
81
70551
24836
41029
37082
13175
48235
54995
46892
42398
63403
24441
61362
36030
38632
5274
14750
13070
4298
7039
18880
8928
23050
1661
6408
94994
5685
65221
35749
18100
21876
75364
69887
67420
76567
17463
40280
54100
43356
12096
23549
23108
29301
68555
37576
10349
15909
93074
18688
82508
938
91297
73189
47658
97827
2088
79386
58969
45654
72208
57214
78564
75492
41786
19833
38695
90076
68094
2750
98622
89008
66943
4715
54154
42286
18241
67699
1712
88773
88522
96738
28287
79737
81566
37948
62142
16977
91911
67223
43804
7923
3657
55613
78981
83908
32328
49448
50022
94164
22013
85865
32213
51952
84670
72117
38066
43617
26773
91806
526
16992
8224
75178
32909
31366
53267
63490
11832
95650
7615
98571
46643
91581
96158
97474
44556
14879
28089
14640
62859
68913
3209
20271
3927
20142
10293
34898
70043
56340
37497
45187
19541
87320
98093
19777
10807
51615
46283
54278
70814
10984
87187
87368
15980
71620
20236
36371
48923
85807
23648
2368
14097
34785
82834
86230
22246
94472
98367
44729
11709
17021
9973
52502
56716
32437
4285
14360
36608
91899
19682
67788
39902
66658
46138
28585
38675
67484
21003
53597
93744
201
38371
40987
65842
12906
50250
84581
38272
38706
82415
97
92334
19265
35121
55788
12974
43538
87491
35942
48135
13578
60537
59790
47965
38059
36149
92830
25593
38224
34360
1403
39953
77219
11500
19293
39422
96196
75924
94464
40528
96509
31540
25712
23492
24254
84150
72529
71299
49870
86870
19972
25250
78171
50618
28553
15560
58350
74989
