35017
94968
27323
43829
46567
82058
48879
89756
49748
46718
53147
66589
63471
63202
85253
19527
97382
5982
82121
35474
77370
14176
63368
94437
28894
41767
14834
56499
54988
60346
13422
79527
6584
17194
49716
78165
21518
69685
54862
74395
69320
31725
84189
68709
1141
76194
56475
18944
64507
95509
99666
80452
2527
97241
73869
98871
44804
60729
54716
31933
34960
48553
26120
22522
90062
95648
6436
16832
95126
48999
82489
97203
60669
27607
61078
51727
54904
78767
58840
31220
12159
70765
38653
44593
47300
56281
85001
66873
82655
69600
72337
88850
68799
78938
57421
80164
39281
66504
84314
61688
47086
46508
12963
99624
41070
66251
19282
89296
77293
22975
85720
90611
86244
99157
43997
53042
37592
61521
90503
20982
77710
31652
44076
55350
76935
39408
31787
73668
48389
2645
23547
59214
31858
72767
84077
73743
4948
78097
46949
41311
34125
16783
9963
33673
12707
25648
77662
8369
78448
59762
61031
90688
78988
2842
75850
79901
80647
22362
79872
7344
12859
31550
55007
36544
41012
89589
21582
78174
37531
10398
6864
16555
57563
98500
381
66265
39403
60865
53952
10241
90100
62728
32366
13521
35917
280
42109
89684
8248
74629
64337
37984
5739
40707
40914
54492
94775
30718
37736
35556
76770
57088
61371
86681
5051
24649
79650
46514
28522
71557
39060
6887
62414
39540
60249
88903
22435
73979
47729
66294
34649
3717
64314
23570
50003
33560
56039
78891
53867
92677
49834
38586
94130
1639
4254
29714
97156
28934
88868
28484
82866
95194
41825
87257
82745
6883
32938
47572
43343
42229
49991
52846
1746
10964
12093
57748
75418
83219
67139
63797
55402
84212
45420
53028
8281
97127
85336
55610
17642
25402
19128
88405
71443
36408
40482
15238
92431
43784
29897
89113
83234
50729
72717
63095
85072
50265
78219
6787
12483
62328
73428
27399
74226
81748
13584
80494
79132
28545
98399
35731
51466
18570
19023
4049
4284
82459
44253
78942
96206
52857
15059
83846
63282
90237
16354
37327
66912
23956
29301
93780
55524
14345
29905
70526
67321
17841
56350
25982
78417
22584
15714
29748
85008
85999
89660
88357
21948
540
21668
17906
5379
82019
19859
99183
9865
27730
60210
20735
6898
24753
23983
90453
37251
88065
16342
82740
99997
60277
22499
81540
55986
60143
85876
21576
5702
34454
50482
50612
18888
69481
84236
44882
44173
56805
40354
39084
25930
6314
4290
52726
78077
94361
61133
25477
98071
36716
30124
70536
19299
65147
16353
24937
13390
85084
83396
42495
76798
87511
13078
6743
96858
67676
75356
30168
84710
3903
85592
48990
84447
53539
44270
99207
54383
23020
2064
20880
82240
16150
94009
8982
34802
10316
98263
93470
21943
61814
57444
13548
52526
46767
69457
63272
11207
26142
60679
21508
24663
649
83709
13363
50207
89192
21923
80411
60879
1572
14222
24473
98038
27124
87735
79607
26152
46517
70313
18893
89059
23999
91361
39263
88869
35717
44678
73562
93320
22431
28853
75301
39657
49149
80258
8436
98093
80018
62586
77580
13951
58125
9409
80612
15024
77165
4792
41988
27234
15946
79318
81119
33208
41357
45973
82127
58885
40385
48545
18923
60825
14071
73212
74622
32239
48079
84026
93699
18723
34909
62460
83962
14024
88211
93226
12361
15059
81401
38167
96687
34433
32105
69198
79405
53245
28825
75128
57657
89244
88985
71186
62018
88575
58955
53112
38049
65837
58375
79470
81744
23016
47014
19300
75635
79450
84910
19292
47097
21413
82975
65649
97269
4435
22038
91629
91568
80755
12318
84061
74339
75713
12958
18685
20026
46900
65017
28432
74316
36271
56351
27612
28802
47042
76323
7822
1036
97073
6123
49556
81797
25273
2182
5077
28057
76108
96412
4584
50685
85784
82972
29247
40297
45460
26556
25976
79342
46751
90998
81494
99507
66779
96085
72091
62671
81416
68927
42140
10809
8829
62297
83535
89116
26195
5186
33282
30952
38295
84652
95750
20072
62916
97740
43043
35306
88060
33899
91784
81273
31613
7229
42905
69323
81580
69473
25881
10838
6084
96253
54654
11488
30390
97659
65369
11903
69964
21955
74992
13381
6303
69642
68234
90862
83648
58215
53714
82934
17962
8484
39588
8296
66070
17756
40664
48284
77337
39688
86320
6975
44543
82208
31212
87766
16104
20167
18800
88265
74781
63287
1531
10421
87949
77233
15274
62511
49612
40936
94392
13665
46622
5275
90367
56661
86504
16872
96842
19618
98767
92805
30812
72011
54193
24686
31997
71553
30357
24977
44612
16311
85593
12656
22617
7555
9549
39714
28950
25388
42823
796
74010
69098
40016
1611
2389
19827
22834
96734
73147
52572
17283
88443
27924
4328
59267
74243
19922
87413
75468
43482
66490
67454
91137
60807
69949
17613
62184
19192
31327
92905
51158
56671
91058
40808
90919
73355
97136
42851
43859
50866
69176
54067
52297
2957
6202
8654
91615
68613
59366
44782
41389
9007
54705
31628
84499
81771
12409
49079
10582
30566
80563
94750
11360
98926
40073
75889
32929
92069
67655
82497
91683
57034
79804
23872
72406
46028
10115
23846
79205
83406
86574
88539
81192
48078
62347
59824
96624
26010
88652
82474
19613
19289
68715
88915
70915
4748
45560
32510
7778
16453
47430
58802
80724
86729
59158
99243
3383
555
39325
55972
65619
18154
91366
88773
39097
60079
54769
18042
32370
29364
86701
89339
97286
77227
25247
80933
34062
95843
68162
71437
74383
79185
71914
12335
16532
9410
69
51870
16036
71794
3362
43675
54106
65140
96138
50376
88924
60999
92557
94931
30733
74994
79445
13187
29759
26040
12238
67038
11287
78376
89498
97565
12187
19277
31349
22194
22854
97723
74005
25496
5517
77829
95486
44207
46788
72597
53953
97693
14844
10442
10372
84973
96879
71130
4474
13540
99428
46427
84314
33306
32478
20115
23132
68140
55965
94434
75221
55311
3876
37733
12109
10482
1722
532
2458
97855
23780
70185
15637
71426
33275
53966
51773
25354
37861
40820
22984
92437
48944
74895
71006
24814
63563
25199
14463
30508
78834
13335
28529
66245
45432
29894
67195
28320
30160
88084
92494
41318
7209
19583
21109
82551
16109
87200
48695
28875
46980
68475
12765
32796
53913
33494
39210
75919
2159
51252
76990
47056
73328
63277
39184
59017
25797
30872
55381
19672
78297
77023
59634
25076
44674
37607
13593
93854
11434
96772
46658
44940
4746
58423
22226
65336
85164
45095
52448
64438
