69
81
97
201
280
381
431
526
532
536
540
555
649
653
781
796
938
1036
1141
1172
1403
1531
1572
1592
1611
1639
1661
1712
1722
1746
1769
1783
1964
2000
2008
2064
2088
2091
2159
2182
2368
2389
2458
2470
2505
2527
2559
2570
2596
2645
2723
2745
2750
2768
2842
2874
2899
2957
3043
3105
3126
3209
3285
3325
3362
3383
3400
3433
3514
3657
3717
3761
3876
3903
3927
4005
4011
4049
4124
4254
4284
4285
4290
4298
4328
4353
4380
4435
4474
4584
4621
4715
4742
4746
4748
4792
4948
5026
5051
5077
5186
5274
5275
5360
5379
5517
5536
5685
5702
5739
5782
5885
5968
5982
6031
6084
6123
6202
6303
6314
6408
6436
6447
6584
6591
6713
6743
6773
6787
6864
6883
6887
6898
6975
7039
7101
7112
7138
7209
7229
7244
7344
7438
7555
7615
7778
7788
7819
7822
7839
7842
7923
8025
8075
8224
8248
8281
8296
8369
8401
8436
8484
8526
8635
8654
8663
8791
8829
8928
8973
8974
8982
9006
9007
9409
9410
9412
9549
9604
9631
9706
9819
9833
9865
9963
9973
10067
10115
10197
10241
10293
10316
10349
10372
10398
10421
10442
10456
10482
10582
10613
10660
10731
10794
10807
10809
10838
10854
10964
10975
10984
11196
11207
11287
11312
11360
11413
11434
11488
11500
11528
11709
11744
11832
11903
11921
11958
12020
12093
12096
12109
12159
12187
12238
12318
12335
12361
12409
12483
12593
12624
12656
12706
12707
12709
12765
12859
12875
12906
12958
12963
12966
12974
13060
13070
13078
13175
13187
13225
13237
13295
13335
13363
13381
13390
13422
13521
13540
13548
13578
13584
13593
13665
13812
13854
13951
13961
14024
14071
14097
14176
14216
14222
14345
14360
14366
14381
14463
14602
14640
14733
14748
14750
14834
14844
14879
15000
15002
15024
15032
15059
15059
15238
15274
15303
15326
15338
15538
15560
15563
15637
15714
15733
15789
15909
15946
15960
15980
16036
16104
16109
16150
16217
16270
16311
16342
16353
16354
16453
16532
16555
16602
16783
16832
16872
16977
16992
17021
17194
17283
17455
17457
17463
17613
17642
17756
17769
17841
17848
17906
17959
17962
17975
18042
18100
18139
18154
18195
18241
18328
18570
18618
18685
18688
18723
18800
18828
18880
18888
18893
18923
18944
19023
19032
19110
19128
19192
19204
19265
19277
19282
19289
19292
19293
19299
19300
19306
19527
19541
19564
19583
19613
19618
19672
19682
19748
19762
19777
19827
19833
19859
19919
19922
19972
20026
20072
20115
20140
20142
20167
20236
20271
20410
20461
20482
20510
20560
20735
20787
20867
20880
20982
21003
21109
21118
21413
21508
21518
21576
21582
21668
21727
21835
21876
21923
21930
21943
21948
21955
22013
22038
22194
22194
22226
22246
22343
22346
22362
22431
22435
22499
22522
22584
22590
22594
22617
22627
22774
22814
22834
22848
22854
22958
22975
22984
22988
23016
23020
23050
23108
23132
23492
23547
23549
23570
23581
23648
23780
23780
23846
23872
23911
23956
23973
23983
23999
24089
24156
24254
24296
24342
24436
24441
24473
24649
24663
24686
24744
24753
24769
24814
24836
24937
24977
25064
25076
25142
25199
25247
25250
25273
25354
25388
25402
25477
25496
25593
25648
25712
25797
25853
25862
25881
25930
25934
25938
25976
25982
26010
26040
26120
26142
26152
26179
26195
26329
26454
26556
26689
26749
26773
26925
27124
27234
27323
27350
27399
27464
27474
27607
27612
27623
27638
27730
27924
27972
28057
28060
28089
28197
28215
28233
28287
28320
28431
28432
28484
28522
28526
28529
28545
28553
28565
28585
28719
28802
28825
28853
28875
28880
28894
28922
28934
28950
29224
29247
29255
29256
29296
29301
29301
29364
29542
29583
29633
29714
29748
29759
29806
29824
29894
29897
29905
30115
30124
30159
30160
30168
30178
30223
30335
30357
30390
30452
30465
30508
30566
30586
30631
30718
30733
30812
30872
30881
30952
31181
31212
31220
31261
31271
31327
31349
31365
31366
31475
31508
31540
31550
31558
31613
31628
31652
31725
31727
31748
31787
31858
31871
31933
31997
32086
32105
32213
32239
32328
32353
32357
32366
32370
32437
32478
32510
32665
32749
32755
32796
32813
32909
32929
32938
33162
33202
33208
33275
33282
33299
33306
33494
33560
33673
33804
33849
33899
34062
34125
34132
34139
34182
34360
34360
34419
34433
34433
34454
34649
34698
34785
34793
34802
34803
34898
34909
34960
34971
35017
35080
35108
35121
35185
35196
35306
35474
35556
35601
35701
35717
35731
35749
35917
35942
36030
36149
36271
36287
36371
36386
36408
36542
36544
36552
36608
36680
36684
36716
36735
36786
36799
36852
36877
37082
37251
37327
37397
37455
37497
37531
37576
37592
37607
37707
37733
37736
37740
37861
37867
37948
37964
37967
37977
37984
38049
38059
38066
38167
38224
38244
38246
38249
38272
38284
38295
38345
38371
38586
38632
38653
38675
38695
38705
38706
39060
39084
39097
39184
39210
39262
39263
39281
39307
39325
39403
39408
39422
39522
39540
39588
39657
39675
39688
39714
39902
39953
40016
40073
40190
40280
40297
40338
40338
40352
40354
40385
40482
40524
40528
40664
40677
40707
40710
40787
40808
40820
40900
40914
40914
40936
40966
40987
41012
41029
41048
41070
41311
41318
41357
41389
41452
41457
41552
41647
41767
41786
41825
41893
41902
41988
41990
42054
42109
42127
42136
42140
42153
42224
42225
42229
42286
42339
42343
42398
42405
42495
42739
42764
42803
42804
42823
42847
42851
42878
42905
42987
43043
43149
43178
43288
43333
43343
43356
43368
43404
43482
43496
43538
43617
43675
43679
43784
43804
43829
43859
43976
43997
44076
44173
44190
44207
44253
44270
44344
44522
44525
44543
44556
44588
44593
44612
44674
44678
44729
44767
44782
44804
44815
44882
44885
44940
45059
45095
45187
45229
45420
45432
45460
45560
45654
45768
45791
45970
45973
46028
46138
46152
46245
46281
46283
46302
46347
46427
46508
46514
46517
46549
46567
46622
46643
46658
46718
46751
46767
46788
46892
46900
46949
46980
46997
47014
47042
47056
47086
47097
47300
47354
47394
47430
47441
47454
47520
47572
47620
47656
47658
47724
47729
47965
48078
48079
48135
48206
48235
48284
48315
48370
48389
48545
48553
48626
48695
48879
48881
48923
48944
48986
48990
48999
49079
49149
49153
49262
49312
49390
49436
49448
49551
49556
49612
49624
49716
49730
49737
49748
49834
49870
49904
49948
49990
49991
50003
50022
50039
50207
50250
50265
50286
50376
50482
50612
50618
50666
50685
50729
50866
50872
50902
50970
51051
51134
51158
51242
51252
51355
51466
51491
51581
51615
51615
51710
51727
51773
51870
51952
52062
52195
52297
52332
52448
52455
52502
52526
52572
52580
52680
52726
52784
52846
52857
52857
52963
53028
53042
53112
53147
53151
53166
53193
53245
53267
53430
53450
53514
53539
53597
53704
53714
53731
53867
53913
53952
53953
53966
54067
54100
54103
54106
54154
54193
54278
54352
54383
54462
54492
54497
54654
54670
54705
54716
54769
54862
54904
54943
54988
54995
55007
55070
55187
55311
55350
55381
55402
55524
55610
55613
55788
55912
55965
55972
55986
56039
56054
56281
56326
56340
56350
56351
56475
56499
56650
56661
56671
56716
56750
56805
56847
56911
57034
57055
57088
57123
57214
57231
57421
57444
57563
57625
57657
57748
57865
57907
58125
58215
58350
58375
58423
58480
58512
58663
58732
58802
58840
58865
58866
58885
58955
58969
59017
59158
59214
59252
59267
59286
59366
59634
59760
59761
59762
59782
59790
59824
59997
60009
60079
60143
60210
60249
60277
60346
60355
60490
60537
60602
60669
60679
60729
60748
60807
60820
60825
60865
60879
60999
61031
61060
61078
61133
61315
61362
61371
61390
61461
61521
61688
61750
61814
61947
62018
62099
62142
62184
62297
62323
62328
62347
62361
62362
62414
62460
62470
62511
62586
62671
62728
62859
62863
62916
62966
63095
63161
63202
63272
63274
63277
63282
63287
63368
63403
63471
63490
63563
63599
63797
64058
64080
64139
64314
64337
64438
64507
64508
64588
64634
64684
64738
64932
64982
65017
65063
65140
65147
65221
65254
65280
65336
65369
65423
65500
65512
65608
65619
65649
65746
65837
65842
65956
66070
66196
66245
66251
66265
66294
66401
66452
66490
66504
66567
66589
66658
66779
66873
66912
66943
66950
67038
67139
67195
67223
67279
67321
67420
67443
67454
67484
67655
67675
67676
67699
67723
67788
67813
67815
67918
68091
68094
68120
68140
68162
68234
68273
68351
68357
68401
68475
68555
68613
68709
68715
68799
68804
68913
68927
68969
68984
69098
69176
69198
69217
69267
69320
69323
69427
69457
69473
69479
69481
69511
69600
69642
69656
69685
69869
69887
69949
69964
70043
70072
70185
70313
70379
70439
70526
70536
70551
70592
70729
70765
70814
70915
71006
71022
71060
71130
71171
71186
71284
71297
71299
71322
71426
71437
71440
71443
71553
71557
71620
71724
71791
71794
71807
71891
71914
71956
72011
72038
72091
72108
72117
72150
72153
72208
72257
72337
72406
72479
72529
72597
72631
72717
72767
72832
72855
73112
73147
73189
73204
73212
73280
73328
73355
73400
73428
73546
73562
73626
73668
73685
73708
73743
73837
73842
73846
73869
73895
73979
74005
74010
74034
74042
74177
74226
74243
74296
74301
74316
74339
74383
74395
74440
74622
74629
74742
74781
74873
74895
74989
74992
74994
75128
75178
75221
75235
75301
75356
75364
75383
75418
75448
75468
75492
75541
75635
75705
75713
75839
75850
75864
75866
75889
75919
75924
76043
76081
76085
76107
76108
76130
76194
76304
76323
76517
76567
76629
76770
76798
76935
76990
77023
77023
77094
77138
77165
77219
77227
77233
77293
77337
77370
77444
77505
77517
77580
77662
77668
77710
77829
77932
78077
78097
78165
78171
78174
78219
78297
78314
78376
78417
78448
78564
78767
78834
78847
78891
78938
78942
78953
78981
78988
79018
79074
79132
79185
79198
79205
79250
79269
79318
79342
79386
79405
79445
79450
79470
79527
79603
79607
79621
79650
79701
79737
79804
79867
79872
79901
80018
80160
80164
80194
80240
80258
80293
80397
80411
80452
80494
80563
80599
80612
80641
80647
80702
80706
80712
80724
80738
80755
80801
80829
80878
80933
81095
81119
81141
81192
81273
81276
81347
81387
81401
81416
81478
81494
81536
81540
81566
81580
81744
81748
81758
81771
81797
81930
81965
81991
82019
82024
82058
82121
82127
82208
82240
82415
82438
82459
82474
82489
82493
82497
82508
82551
82655
82689
82701
82740
82745
82834
82866
82934
82945
82972
82975
83096
83157
83219
83234
83321
83396
83398
83406
83535
83552
83609
83648
83682
83700
83709
83737
83846
83908
83913
83962
83995
84026
84061
84077
84150
84189
84212
84236
84245
84306
84314
84314
84377
84447
84499
84561
84581
84652
84670
84710
84910
84973
85001
85008
85041
85058
85072
85084
85164
85253
85311
85336
85465
85592
85593
85692
85720
85736
85784
85807
85865
85876
85999
86230
86244
86320
86464
86504
86574
86681
86701
86729
86863
86863
86870
87187
87200
87257
87320
87368
87413
87491
87511
87598
87647
87735
87736
87741
87766
87949
88060
88065
88084
88211
88265
88307
88357
88405
88443
88444
88493
88522
88539
88575
88652
88773
88773
88843
88850
88868
88869
88886
88903
88915
88924
88937
88985
89008
89059
89113
89116
89192
89202
89244
89296
89301
89336
89339
89384
89498
89589
89660
89684
89684
89756
89860
90062
90076
90100
90191
90204
90237
90367
90453
90503
90611
90615
90688
90793
90795
90862
90914
90919
90998
91018
91032
91058
91137
91224
91297
91338
91352
91361
91366
91424
91568
91581
91615
91629
91632
91664
91683
91717
91727
91784
91806
91899
91911
91939
91996
92069
92108
92111
92123
92194
92264
92293
92334
92351
92431
92437
92494
92557
92612
92631
92677
92694
92760
92768
92805
92830
92865
92905
93069
93074
93128
93144
93226
93320
93325
93328
93409
93470
93606
93623
93699
93721
93739
93744
93780
93854
93910
93911
93940
94009
94130
94164
94196
94231
94361
94392
94434
94437
94464
94472
94742
94750
94766
94767
94775
94931
94940
94966
94968
94994
95126
95158
95194
95205
95218
95345
95486
95509
95594
95648
95650
95750
95784
95843
95946
96085
96089
96138
96158
96161
96196
96206
96215
96253
96287
96390
96412
96485
96509
96514
96624
96687
96734
96738
96772
96842
96858
96879
96944
97073
97127
97136
97156
97203
97241
97269
97274
97286
97321
97382
97474
97536
97565
97651
97659
97693
97723
97740
97827
97855
97857
97905
98038
98071
98087
98093
98093
98237
98263
98367
98371
98399
98500
98508
98539
98564
98571
98622
98767
98871
98871
98892
98908
98926
99157
99183
99207
99218
99243
99277
99428
99507
99624
99666
99722
99920
99997
